-2.445076515579034104e-01 1.666102222640918618e-01 2.880493317505132544e-02 -2.662107000865053807e-01 3.177641685933735860e-01 -3.810643563634508180e-01 1.561310626777159816e-01 1.207633054488149449e-01 -2.651250262317040307e-01 -1.341224466531605042e-01 4.490104949048480676e-01 -2.563595683854410501e-01 2.586716812837167034e-01 7.175236801892025118e-02 -3.364724571239104955e-01 -1.213691371689009091e-01
3.754533251630534085e-01 1.163646304154783706e-01 -5.209269648042774703e-02 -1.776435322649127790e-01 2.487782063140104583e-01 -2.994426760459064640e-01 -4.583293333511792404e-03 -1.742168482331073742e-01 -1.145314470684728470e-01 -4.440035151321788942e-01 -1.533257822337955878e-01 4.906798524631270086e-01 -1.248003834473609408e-01 -1.264818502507071563e-01 1.156791539518502304e-01 -3.313723330803464706e-01
-2.170230636829191539e-01 -4.465855842797923914e-01 -4.354781182572013409e-01 3.887106817013344928e-01 1.261393411290498423e-01 -2.698837584632704859e-02 -1.221801554017518249e-01 -3.944697532172382060e-01 1.749746091067232168e-01 -1.767853858521885591e-01 1.023476168481462362e-01 1.065391522943191227e-01 9.781230595652393167e-02 9.269087894651976967e-02 -3.320895684237109569e-01 -1.158192470325506568e-01
4.480038609048951626e-02 9.141076164986401686e-02 -6.886035000376537762e-02 -2.276976232157590652e-01 2.592924242282283465e-01 2.595679397158217050e-01 -4.029072791608829807e-01 2.157938159014851642e-01 3.664186067357602106e-01 -6.159627538179401895e-02 -1.247851106049636533e-01 -1.174624294579304506e-01 2.749445193007821753e-01 4.700684857507367864e-01 1.191511976259912592e-01 -3.337040588849362055e-01
-3.752875215905485118e-01 1.171260949904893989e-01 1.770680967705597075e-01 -5.229320943119089571e-02 -2.533332203848819852e-01 8.369112297257220306e-03 -2.948632229299613661e-01 1.773513281075607129e-01 1.211939011135343275e-01 -4.410585710732843334e-01 -1.584926945636219442e-01 -1.235890356747152141e-01 -4.899614683121188974e-01 -1.223164426597867643e-01 -3.325005702950825093e-01 -1.162432638017631692e-01
-2.448301616945955383e-01 -1.665958686732125216e-01 -2.644388178722115734e-01 -2.680785151301175173e-02 3.253242796077522869e-01 1.529926015406433970e-01 3.779847222839388676e-01 1.194319697777505573e-01 -2.698559098726945327e-01 1.292165880744881035e-01 -4.491607269589136253e-01 -2.609450584105758031e-01 -2.508372203841856551e-01 -7.087792598532477450e-02 1.203398815146215078e-01 -3.368929963188608823e-01
4.496522294004317438e-02 -9.085829463837663544e-02 2.253492541643667135e-01 -6.672337599572586431e-02 2.630364961123282663e-01 4.010274045194814896e-01 2.600499893842030952e-01 2.161186182424418012e-01 3.667347968390352042e-01 6.781639525396261636e-02 1.276428524856285385e-01 2.753323727286945410e-01 1.166334472832807195e-01 -4.674319271548722510e-01 -3.371152277781294671e-01 -1.149236263022457710e-01
2.168112997334056546e-01 -4.471116838126220627e-01 3.886867303641312610e-01 4.341321099042786402e-01 -1.266378251500389907e-01 -1.172227734795354831e-01 2.063143706460945567e-02 3.969394986287973492e-01 -1.716309837344814904e-01 -1.795425338704343121e-01 1.025746980660031671e-01 -1.009526562602258287e-01 1.052623190853608642e-01 8.829289396708853155e-02 1.165336614440830726e-01 -3.330306163374915918e-01
-4.461923539256245491e-02 9.250884473265166830e-02 2.262942631788963377e-01 -6.512237219225530671e-02 -2.509537417854068586e-01 4.048523745400319229e-01 2.625938054837885227e-01 -2.207440337978567590e-01 -3.658292234160480660e-01 -6.937024524079372922e-02 -1.234713806160052385e-01 2.757661696097595261e-01 1.186237160614450892e-01 4.731477794651071656e-01 -3.288698286458146547e-01 -1.157729440239323726e-01
-2.169299645292160628e-01 4.469860226110030643e-01 3.875902741202759128e-01 4.338977767909641958e-01 1.252031040220256686e-01 -1.272321713748730543e-01 2.082107124291458083e-02 -3.949541932238928021e-01 1.733688627151050432e-01 1.792683848865636032e-01 -1.020874518219117982e-01 -9.984545422697860273e-02 1.080346633005578594e-01 -9.105889236228142947e-02 1.145301559737738756e-01 -3.327160417425713002e-01
3.756328884974726723e-01 -1.171308234993176101e-01 1.778348425398294519e-01 -5.332564712149565761e-02 2.512578246065876320e-01 5.085910964922819074e-04 -2.950242890543947061e-01 -1.790626271137545078e-01 -1.222146015793346974e-01 4.438893395333151082e-01 1.497956748780740199e-01 -1.259652788346351249e-01 -4.895053715541332617e-01 1.268863302105924518e-01 -3.301270914106204102e-01 -1.161819367153645866e-01
2.447397404392105957e-01 1.683754692683366583e-01 -2.649506145099841392e-01 -2.549506270219284790e-02 -3.202514953653452512e-01 1.585663721127281156e-01 3.788343467320541280e-01 -1.194792059888282187e-01 2.696776558050673622e-01 -1.274784298103225078e-01 4.440960574687289886e-01 -2.627165933788672691e-01 -2.589120220702410546e-01 6.792879732085001232e-02 1.220516279401747950e-01 -3.371109839601153513e-01
2.173698537769177264e-01 4.473051526567823899e-01 -4.332906358742119601e-01 3.864630166295813796e-01 -1.262747755618035261e-01 -1.981336099027046840e-02 -1.236506444470640564e-01 3.965304285582984534e-01 -1.772832217009898681e-01 1.777747092502705850e-01 -9.918725562710624388e-02 1.057775736948795425e-01 1.024908049198477722e-01 -8.721258454830201068e-02 -3.334709214588350568e-01 -1.154850972120345931e-01
-4.491463747552944252e-02 -9.202667614341558666e-02 -6.770914793819968192e-02 -2.264475546594594824e-01 -2.550159835478802983e-01 2.644877842185899275e-01 -4.000669122506979591e-01 -2.219013030240641338e-01 -3.656668821047919793e-01 5.904353837151184864e-02 1.276626960000752375e-01 -1.192981684492090411e-01 2.752426104933545781e-01 -4.722046979434223468e-01 1.114264239628173087e-01 -3.324007155230356281e-01
2.448652909643935505e-01 -1.688555099839861573e-01 2.726463605571759902e-02 -2.643701971129118200e-01 -3.277913949617118905e-01 -3.733999511587375864e-01 1.586428321136597042e-01 -1.168033283257989552e-01 2.664736735552986624e-01 1.313786391594682079e-01 -4.468910195085844528e-01 -2.519092505007495819e-01 2.657146757082965438e-01 -6.582384460289800177e-02 -3.378723451254489474e-01 -1.211418522497967193e-01
-3.755796845249338989e-01 -1.173950207836428894e-01 -5.103910058736633309e-02 -1.781317271715008865e-01 -2.568694535720807415e-01 -2.897728626263180174e-01 -4.124755823127879140e-03 1.781308791184667006e-01 1.120300010989681710e-01 4.462874469608929529e-01 1.548558072846693279e-01 4.890976791321485218e-01 -1.242008625071165384e-01 1.234245889064365387e-01 1.171733758332123981e-01 -3.313840750739365792e-01
